image_width: 1920
image_height: 1080
camera_name: left_camera
camera_matrix:
  rows: 3
  cols: 3
  data: [3882.043744879964, 0.000000, 940.8649638104075, 0.000000, 3882.043744879964, 739.0978194570186, 0.000000, 0.000000, 1.000000]
distortion_model: plumb_bob
distortion_coefficients:
  rows: 1
  cols: 5
  data: [-0.3773450212923385, 0.1220120108685656, 0.0, 0.0, 0.000000]
rectification_matrix:
  rows: 3
  cols: 3
  data: [1.000000, 0.000000, 0.000000, 0.000000, 1.000000, 0.000000, 0.000000, 0.000000, 1.000000]
projection_matrix:
  rows: 3
  cols: 4
  data: [3882.04374488, 0.00, 940.86496381, 0.00, 0.00, 3882.04374488, 739.09781946, 0.00, 0.00, 0.00, 1.00, 0.00]