image_width: 1920
image_height: 1080
camera_name: right_camera
camera_matrix:
  rows: 3
  cols: 3
  data: [3873.73090101178, 0.000000, 947.8880204745067, 0.000000, 3873.73090101178, 732.7951524137853, 0.000000, 0.000000, 1.000000]
distortion_model: plumb_bob
distortion_coefficients:
  rows: 1
  cols: 5
  data: [-0.3476336920960006, -0.12108253300026231, 0.0, 0.0, 0.000000]
rectification_matrix:
  rows: 3
  cols: 3
  data: [1.000000, 0.000000, 0.000000, 0.000000, 1.000000, 0.000000, 0.000000, 0.000000, 1.000000]
projection_matrix:
  rows: 3
  cols: 4
  data: [3867.00032153, -6.51159055, 974.9609763, -510.65632386, -0.1278358, 3872.58669014, 738.81806954, 6.63123001, -0.00699716, -0.0015506, 0.99997432, 0.01102846]
