image_width: 3840
image_height: 2160
camera_name: right_camera
camera_matrix:
  rows: 3
  cols: 3
  data: [1208.4, 0.000000, 2124.38, 0.000000, 1208.4, 1014.13, 0.000000, 0.000000, 1.000000]
distortion_model: plumb_bob
distortion_coefficients:
  rows: 1
  cols: 5
  data: [-0.153709, 0.0161817, 0.0, 0.0, 0.000000]
rectification_matrix:
  rows: 3
  cols: 3
  data: [1.000000, 0.000000, 0.000000, 0.000000, 1.000000, 0.000000, 0.000000, 0.000000, 1.000000]
projection_matrix:
  rows: 3
  cols: 4
  data: [1435.91250535, -5.45084544, 1977.71244363, 194.07895726, 114.50232051, 1206.82569356, 1009.53017829, 17.62406348, 0.11058589, -0.00154904, 0.99386536, 0.0167412]
